[TIO_CONFIG]
MAPPING_FORM=1
DELTA_FORM=1
ITECH_FORM=1
AMP_FORM=1
SERVO_FORM=1

[DELTA_POWER_CONFIG]
DELTA_POWER_IP=192.168.1.101
DELTA_POWER_PORT=8462
DELTA_POWER_AUTO_CONNECT=0
DELTA_POWER_MAX_VOLTAGE=20

[ITECH_POWER_CONFIG]
ITECH_POWER_IP=192.168.1.11
ITECH_POWER_PORT=30000
ITECH_TYPE=0
ITECH_POWER_AUTO_CONNECT=0
ITECH_POWER_PROTECT_VOLTAGE=16
ITECH_POWER_MAX_CURRENT=1
ITECH_POWER_MIN_CURRENT=-1

[AMP_POWER_CONFIG]
AMP_POWER_IP=192.168.1.100
AMP_POWER_PORT=2001
AMP_POWER_AUTO_CONNECT=0
AMP_POWER_AVAILABLE=0

[AMP_LOAD_CONFIG]
AMP_LOAD_IP=192.168.1.100
AMP_LOAD_PORT=2001
AMP_LOAD_AUTO_CONNECT=0
AMP_LOAD_AVAILABLE=0

[SERVO_CONFIG]
ROTATE_SERVO_AVAILABLE=0
AIR_CYLINDER_AVAILABLE=0
SERVO_AUTO_CONNECT=0
SERVO2_MOUNT_ANGLE=0
SERVO2_SPEED=2
SERVO1_MAX_POSITION=40
SERVO1_MIN_POSITION=0
S7_IP=192.168.1.1
AIR_CYLINDER_MAX=150
AIR_CYLINDER_FACTOR=0.0597000010311604
AIR_CYLINDER_OFFSET=4
AIR_CYLINDER_CURRENT_MAX=20
AIR_CYLINDER_CURRENT_MIN=0
PUMP_STATION_PRESSURE_MAX=300
PFC_MM2BAR_POSITION=3,4,5,6,7,8,9,10,11,12,13,14,15,16,17,18
PFC_MM2BAR_PRESSURE=0,8.45465,16.9319,24.6632,34.7002,44.7599,57.4645,69.4231,81.1782,93.3403,104.915,116.489,128.267,139.637,151.98,163.555
PFC_BAR2N_PRESSURE=0,4.61,12.32,21.72,30.83,40.87,52.45,62.913,74.826,87.937,97.975,109.684,123.429,133.466,145.334,158.626,168.975,180.509,191.315,194.547
PFC_BAR2N_FORCE=821,2042,4950.5,8512,11862.5,15861,20109,24206,28814,33759.5,37602.5,42190,47237.5,51013.5,55599,60658,64566,68975.5,73010.5,74257.5
PFC_MAX_PRESSURE=200
PFC_MM2BAR_CALIBRATED=1
PFC_BAR2N_CALIBRATED=1
PFC_MIN_FORCE=2000
PFC_IDLE_STROKE=3
PFC_MAX_PRESSURE_DOWN_LIMIT=150
BAK_PFC_MM2BAR_POSITION=2,4,6,8,10,12,14,16,18,20,22,24,26,28,30,32,34,36,38,39
BAK_PFC_MM2BAR_PRESSURE=0,4.61,12.32,21.72,30.83,40.87,52.45,62.913,74.826,87.937,97.975,109.684,123.429,133.466,145.334,158.626,168.975,180.509,191.315,194.547
BAK_PFC_BAR2N_PRESSURE=0,4.61,12.32,21.72,30.83,40.87,52.45,62.913,74.826,87.937,97.975,109.684,123.429,133.466,145.334,158.626,168.975,180.509,191.315,194.547
BAK_PFC_BAR2N_FORCE=821,2042,4950.5,8512,11862.5,15861,20109,24206,28814,33759.5,37602.5,42190,47237.5,51013.5,55599,60658,64566,68975.5,73010.5,74257.5
PFC_MAX_CALIBRATED_FORCE=80000
PFC_MIN_CALIBRATED_FORCE=20000

